 Iter F-count            f(x) Feasibility  Steplength        step  optimality
    0      12    1.091980e+03   1.453e+00                           9.803e+00
    1      24    7.142095e+02   7.795e-01   1.000e+00   5.335e+01   3.480e+02
    2      36    7.308705e+02   3.694e-01   1.000e+00   8.852e+00   1.593e+02
    3      48    7.038184e+02   1.300e-01   1.000e+00   1.110e+01   8.117e+01
    4      60    6.909440e+02   7.299e-02   1.000e+00   9.690e+00   9.216e+00
    5      72    6.778491e+02   1.471e-01   1.000e+00   2.249e+01   5.118e+01
    6      84    6.130603e+02   3.895e-01   1.000e+00   6.844e+01   5.030e+01
    7      96    4.802057e+02   8.063e-01   1.000e+00   1.318e+02   5.200e+01
    8     108    6.292035e+02   1.873e-01   1.000e+00   3.472e+01   2.958e+01
    9     120    6.664850e+02   2.551e-02   1.000e+00   2.019e+01   3.134e+01
   10     132    6.469726e+02   3.004e-03   1.000e+00   8.437e+00   3.155e+01
   11     144    5.613665e+02   1.985e-02   1.000e+00   2.820e+01   3.145e+01
   12     158    4.763312e+02   2.791e-02   4.900e-01   2.891e+01   3.206e+01
   13     173    4.474506e+02   2.881e-02   3.430e-01   1.034e+01   2.322e+01
   14     190    4.446931e+02   2.527e-02   1.681e-01   1.247e+00   1.526e+01
   15     209    4.437889e+02   2.433e-02   8.235e-02   4.468e-01   1.308e+01
   16     245    4.437870e+02   2.433e-02   1.916e-04   9.295e-04   1.307e+01
   17     284    4.437864e+02   2.433e-02   6.571e-05   3.187e-04   1.307e+01
   18     328    4.437863e+02   2.433e-02   1.104e-05   5.356e-05   1.307e+01
   19     363    4.437863e+02   2.433e-02   3.788e-06   1.837e-05   1.307e+01

fmincon stopped by the output or plot function.


x_star =

   1.0e+05 *

  Columns 1 through 9

    0.0000    0.0002    1.0000    0.0000    0.0012    0.0001    0.0007    0.3600    0.0000

  Columns 10 through 11

    0.0000    0.0002


fval =

  443.7863


exitflag =

    -1


output = 

         iterations: 19
          funcCount: 363
           stepsize: 1.8372e-05
       lssteplength: 3.7882e-06
          algorithm: 'sqp'
      firstorderopt: 13.0708
    constrviolation: 0.0243
            message: 'fmincon stopped by the output or plot function.'


funcstar =

  443.7863


Jb_i =

    0.0146


Jp_i =

  190.8602


Js_i =

     0


xb_opt =

     3     3     1


xp_opt =

    5.9833    0.0081    0.2094


xs_opt =

     1    11     4
	 
	 
totalCost =

  204.2645

K>> flightTime

flightTime =

  169.0073
  
  x_star
  
      0.3434
        16.5
       1e+05
    0.046687
      119.63
      8.4802
      69.184
       36000
     0.20905
      2.4647
      18.136